0.10
0.19
0.11
0.23
0.10
0.23
0.24
0.13
0.16
0.20
0.05
0.18
0.18
0.09
0.12
0.10
0.11
0.07
0.09
0.18
0.18
0.12
0.39
0.36
0.07
0.15
0.21
0.07
0.24
0.15
0.17
0.07
0.16
0.13
0.15
0.23
0.15
0.12
0.08
0.19
0.04
0.05
0.12
0.15
0.37
0.10
0.42
0.28
0.12
0.14
0.13
0.09
0.09
0.21
0.08
0.06
0.14
0.13
0.07
0.12
0.32
0.17
0.08
0.10
0.24
0.24
0.12
0.19
0.10
0.06
0.08
0.14
0.08
0.17
0.13
0.12
0.16
0.16
0.15
0.20
0.07
0.15
0.18
0.16
0.08
0.08
0.23
0.14
0.09
0.24
0.23
0.12
0.11
0.12
0.11
0.09
0.13
0.15
0.07
0.12
0.16
0.17
0.09
0.13
0.16
0.05
0.20
0.12
0.08
0.07
0.09
0.09
0.23
0.26
0.15
0.08
0.12
0.07
0.07
0.14
0.15
0.12
0.15
0.11
0.09
0.13
0.13
0.09
0.18
0.12
0.08
0.11
0.26
0.13
0.10
0.19
0.09
0.11
0.29
0.33
0.14
0.08
0.12
0.17
0.09
0.36
0.16
0.07
0.12
0.13
0.17
0.09
0.13
0.26
0.13
0.08
0.09
0.12
0.13
0.15
0.17
0.14
0.11
0.27
0.11
0.08
0.08
0.19
0.20
0.15
0.11
0.38
0.13
0.08
0.24
0.08
0.11
0.08
0.23
0.39
0.15
0.18
0.12
0.10
0.12
0.09
0.10
0.08
0.10
0.18
0.16
0.12
0.16
0.19
0.32
0.06
0.12
0.17
0.17
0.25
0.24
0.29
0.20
0.11
0.47
0.14
0.08
0.16
0.06
0.19
0.08
0.12
0.15
0.17
0.14
0.07
0.17
0.05
0.27
0.08
0.17
0.14
0.13
0.13
0.10
0.09
0.31
0.16
0.29
0.15
0.40
0.16
0.10
0.05
0.27
0.22
0.08
0.10
0.12
0.15
0.15
0.14
0.08
0.34
0.07
0.08
0.09
0.14
0.17
0.22
