2.4063
2.5661
2.6163
2.2724
2.4118
2.5371
2.5236
2.5670
2.2070
2.5384
2.5303
2.3092
2.4974
2.7541
2.5763
2.6549
2.4799
2.3244
2.3736
1.3068
2.6827
2.7588
2.3364
2.7026
2.4673
2.5872
2.7643
2.4862
2.6575
2.6216
2.6498
2.6112
2.3712
2.4745
2.6326
2.5588
2.6654
2.5796
2.5840
2.4327
2.5828
2.4680
2.7191
2.6383
2.6833
2.0037
2.4928
2.6497
2.0571
2.5992
2.5145
2.6489
2.4727
2.6297
2.7198
1.9861
2.6456
2.2065
2.5553
2.5271
2.6575
2.5454
2.0913
2.6616
2.7304
2.5272
2.7164
2.5754
2.5207
2.3955
2.5004
2.6548
2.5394
2.3871
2.6359
2.4928
2.4332
2.6406
2.4268
2.6859
2.4472
2.2309
2.5758
2.3392
2.1741
2.2462
2.4975
2.3574
2.4345
2.4760
2.6841
2.3142
2.5483
2.6380
2.3911
2.3988
2.6254
2.6357
2.5786
2.3794
2.6317
2.5095
2.3827
2.2741
2.6531
2.3595
2.6829
2.3716
2.5548
2.6341
2.5329
2.6714
2.5922
2.2829
2.4677
2.5238
2.4371
2.7258
2.5868
2.5824
2.5389
2.5367
2.5169
2.7404
2.6054
2.5158
2.3007
2.5973
2.5094
2.5192
2.0460
2.5933
2.7135
2.6006
2.6217
2.5560
2.4514
2.4338
0.9762
2.3474
2.7914
2.7896
2.6952
2.5603
2.5043
2.7759
2.7870
2.2356
2.4229
2.3326
2.3206
2.3368
2.7735
2.6559
2.1143
2.3954
2.6793
2.7362
2.5120
2.5732
2.3055
2.5780
2.5622
2.2818
2.6369
2.5411
2.5007
2.5097
1.9128
2.7691
2.4961
2.5856
2.1717
2.5537
2.2993
2.4273
2.5464
2.1879
2.4834
2.6332
2.3002
2.4966
2.4924
2.6220
2.4504
2.6256
2.5295
2.2628
2.5451
2.7077
2.5043
2.6765
2.6048
2.6793
2.0898
2.3111
2.7810
2.4985
2.4987
2.3575
2.6225
2.3920
2.4635
2.0888
2.6049
2.5371
2.5323
2.6777
1.9641
2.0744
2.7008
2.0045
2.5865
1.8941
2.2460
2.4471
2.6225
2.6204
2.3917
2.3217
2.3964
2.5395
2.3350
2.6647
2.2711
2.2574
2.1862
2.5962
2.6196
2.5302
2.3892
2.5965
2.2849
2.4172
2.4897
2.7235
2.1684
2.2890
2.5403
2.4568
2.5135
2.3044
2.7628
2.3684
2.6015
2.6842
2.3963
2.7327
2.5423
2.6323
