0.13
0.20
0.05
0.21
0.13
0.14
0.11
0.19
0.20
0.11
0.12
0.20
0.21
0.07
0.22
0.06
0.15
0.05
0.05
0.03
0.07
0.11
0.38
0.11
0.31
0.06
0.08
0.15
0.09
0.20
0.17
0.23
0.04
0.12
0.16
0.09
0.18
0.05
0.15
0.35
0.13
0.05
0.08
0.12
0.23
0.16
0.30
0.24
0.10
0.08
0.18
0.21
0.04
0.32
0.27
0.02
0.17
0.13
0.08
0.07
0.44
0.07
0.14
0.06
0.14
0.29
0.15
0.20
0.04
0.06
0.19
0.13
0.05
0.15
0.01
0.11
0.05
0.08
0.05
0.21
0.11
0.17
0.08
0.23
0.15
0.08
0.24
0.22
0.05
0.10
0.26
0.20
0.08
0.15
0.13
0.32
0.14
0.12
0.09
0.07
0.20
0.19
0.07
0.17
0.13
0.21
0.09
0.01
0.03
0.10
0.06
0.08
0.20
0.12
0.16
0.12
0.16
0.08
0.07
0.16
0.18
0.02
0.14
0.16
0.20
0.22
0.14
0.22
0.10
0.20
0.13
0.08
0.16
0.22
0.06
0.23
0.03
0.08
0.38
0.24
0.19
0.18
0.19
0.34
0.18
0.33
0.08
0.03
0.12
0.18
0.14
0.17
0.15
0.24
0.09
0.11
0.17
0.10
0.10
0.48
0.32
0.25
0.11
0.20
0.21
0.10
0.07
0.11
0.23
0.11
0.11
0.17
0.16
0.09
0.34
0.10
0.16
0.03
0.16
0.26
0.26
0.21
0.32
0.06
0.10
0.07
0.08
0.23
0.11
0.19
0.21
0.09
0.23
0.08
0.17
0.23
0.12
0.16
0.16
0.11
0.12
0.25
0.03
0.18
0.27
0.16
0.16
0.16
0.22
0.21
0.06
0.10
0.10
0.22
0.17
0.15
0.03
0.10
0.10
0.08
0.25
0.09
0.08
0.06
0.02
0.15
0.13
0.21
0.23
0.27
0.21
0.09
0.03
0.01
0.14
0.16
0.17
0.12
0.08
0.13
0.06
0.09
0.03
0.08
0.02
0.09
0.10
0.18
0.37
0.28
