0.00257864710676
0.00257864710676
0.00322330888346
0.00386797066015
0.00386797066015
0.00406504065041
0.00451263243684
0.0047619047619
0.00515729421353
0.00569105691057
0.00595238095238
0.00650406504065
0.00650406504065
0.00714285714286
0.00952380952381
0.0113821138211
0.0119047619048
0.0130952380952
0.0135378973105
0.0138211382114
0.0141825590872
0.0148272208639
0.016761206194
0.0174058679707
0.0199845150774
0.0202380952381
0.020325203252
0.0212738386308
0.0214285714286
0.0227642276423
0.0243902439024
0.0257864710676
0.0257864710676
0.0264311328443
0.0264311328443
0.0284552845528
0.0309437652812
0.0335224123879
0.0341670741646
0.0345238095238
0.0380350448248
0.0380350448248
0.0380952380952
0.0380952380952
0.0392857142857
0.0393243683782
0.0404761904762
0.0404761904762
0.0412583537082
0.0431923390383
0.043837000815
0.0464285714286
0.0487804878049
0.05
0.0520325203252
0.0547619047619
0.0559523809524
0.0569105691057
0.0571428571429
0.0577235772358
0.060598207009
0.0626016260163
0.0638215158924
0.0666666666667
0.0678571428571
0.0760700896496
0.0772357723577
0.0813008130081
0.0952380952381
0.1
0.1
0.1
