0.309437652811736
0.760700896495518
0.264311328443358
0.264311328443358
0.412583537082315
0.199845150774246
0.038679706601467
0.174058679706601
0.380350448247759
0.0257864710676447
0.341670741646292
0.257864710676447
0.431923390383048
0.135378973105134
0.60598207008965
0.393243683781581
0.638215158924205
0.141825590872046
0.0257864710676447
0.16761206193969
0.335224123879381
0.0322330888345558
0.148272208638957
0.257864710676447
0.380350448247759
0.0515729421352893
0.038679706601467
0.0451263243683782
0.212738386308068
0.438370008149959
